0.418923057959
0.265397776755
0.409463840348
1.23703550321
0.865178662085
0.187971004849
0.640160531757
0.475314514302
0.395004814388
0.112649651818
0.675488586942
1.19741584652
0.240784836017
0.180973355354
0.991124925022
0.742762069611
0.763104099728
0.641449622798
0.0
0.0869876806095
0.328204707255
0.0
0.221587455038
0.650551547132
0.0
1.01106286308
0.0686636642719
0.228061628676
0.644166272242
0.0
0.664797223848
0.437427986396
1.09496118071
0.409826600409
0.775306830431
0.0384479987338
0.0
0.0
0.0
0.159350062686
0.390110813882
0.468719224333
0.228061628676
0.327129792193
0.265397776755
0.755595182098
0.120813459749
0.404680745036
0.534373278458
0.593689870187
0.187971004849
0.221587455038
0.0
0.734867968255
0.0
0.47718106132
0.624533857717
0.120813459749
0.90598087585
0.0
0.144349407915
0.423364634293
0.0
0.656859148367
0.144349407915
0.747380548772
0.0384479987338
0.283192203967
0.71308609127
0.530460891832
0.240784836017
0.0
0.656859148367
0.0
0.234459886232
0.215034555906
0.467208890135
0.228061628676
0.579417867715
0.0384479987338
0.545959900682
0.696031353653
0.748218140728
0.995512515973
0.300467103394
0.234459886232
0.404680745036
0.247038906062
0.0869876806095
0.271389587508
0.104303437469
0.650551547132
0.55732562283
0.882458304934
0.166668370234
0.458068217615
0.194871858561
0.729523000711
0.771833237225
