3.91014345457
3.90856020224
3.89741541274
3.86153602127
4.01209828504
3.91047586489
3.91432942094
3.9722018725
3.93606525367
3.94051026755
3.98468348411
3.9514486109
3.87867817979
3.90875323865
3.9128145814
3.90267976928
3.92844927803
3.9223311313
3.96738196654
3.92570449191
3.88256106803
3.90800105166
3.96545717182
3.92334317584
3.90315680193
3.89160883895
3.94561366707
3.96154938627
3.92655716975
3.85095340105
3.96631412084
3.91469238616
3.91785199418
3.92956477456
3.91344271601
3.92795734834
3.97065669645
3.9611052689
3.9338106521
3.93022414872
3.89697534529
3.91901241632
3.9104174757
3.91297673282
3.92424517806
3.89260016175
4.02315278747
3.87907576754
3.91602350387
3.94000970393
3.9655286578
3.93762122958
3.88351689243
3.91500012798
4.02071220309
3.92606423646
3.89995077418
3.90419331501
3.97306344316
3.88727011612
3.99473117478
3.8825804584
3.9112049853
3.92231482394
3.93839206386
3.94414126469
3.86414278899
3.90849556224
3.89898080243
3.89363693647
3.91284504463
3.90638716136
3.8652450624
3.9047050274
3.91073922566
3.90761797209
4.03863219715
3.94313405592
3.93683120499
3.95691368264
3.97547067394
3.94387214278
3.93130991992
4.00548425419
4.02761384376
3.89159913644
3.94552319903
3.90907177814
3.90006178635
3.9277048473
3.87464207656
3.95796216416
3.87949633682
3.96219305499
3.93854522742
3.92897245999
3.92131428553
3.92317671873
3.95779266438
